1.455826999999999989e-02
1.450023999999999931e-02
1.444049000000000027e-02
1.438236000000000028e-02
1.432492999999999961e-02
1.426690000000000076e-02
1.420896999999999959e-02
1.414962999999999985e-02
1.409028000000000017e-02
1.403307999999999986e-02
1.397644999999999964e-02
1.391547999999999917e-02
1.385846999999999947e-02
1.380064999999999938e-02
1.374383000000000028e-02
1.368325999999999917e-02
1.362352000000000007e-02
1.356811999999999949e-02
1.351202999999999953e-02
1.345561999999999973e-02
1.339666999999999941e-02
1.333752000000000028e-02
1.327910000000000028e-02
1.322541999999999988e-02
1.316414999999999946e-02
1.310864999999999947e-02
1.305020999999999959e-02
1.299199000000000014e-02
1.293566999999999981e-02
1.287763999999999923e-02
1.282184999999999922e-02
1.276248999999999960e-02
1.270508000000000054e-02
1.264877000000000015e-02
1.259184999999999992e-02
1.253423000000000037e-02
1.247641000000000028e-02
1.241879000000000073e-02
1.236226999999999986e-02
1.230129999999999939e-02
1.224366999999999990e-02
1.218636000000000025e-02
1.213004999999999986e-02
1.207049999999999963e-02
1.201327999999999945e-02
1.195595999999999985e-02
1.189995999999999936e-02
1.184263999999999976e-02
1.178835999999999946e-02
1.172769000000000068e-02
1.167169000000000019e-02
1.161335999999999966e-02
1.155664999999999991e-02
1.149964000000000021e-02
1.144342999999999923e-02
1.138458000000000005e-02
1.132705999999999991e-02
1.127005000000000021e-02
1.121231999999999958e-02
1.115703000000000007e-02
1.109910000000000063e-02
1.104238999999999915e-02
1.098760000000000014e-02
1.092896999999999966e-02
1.087338000000000020e-02
1.081057000000000025e-02
1.075578999999999945e-02
1.069604000000000041e-02
1.063962000000000067e-02
1.058290999999999919e-02
1.052772000000000083e-02
1.047090999999999994e-02
1.041531000000000054e-02
1.035767999999999932e-02
1.030148000000000001e-02
1.024304000000000013e-02
1.018764999999999948e-02
1.013153999999999964e-02
1.007331000000000025e-02
1.001609000000000006e-02
9.960194000000000339e-03
9.903686000000000086e-03
9.845358000000000234e-03
9.792789999999999134e-03
9.732941000000000162e-03
9.676334999999999451e-03
9.620632999999999962e-03
9.565535000000000010e-03
9.511257000000000392e-03
9.454034000000000049e-03
9.399654000000000342e-03
9.344257999999999384e-03
9.288756999999999917e-03
9.235182999999999240e-03
9.178366000000000302e-03
9.124795999999999255e-03
9.069594999999999740e-03
9.015620000000000231e-03
8.961543000000000633e-03
8.904828000000000049e-03
8.853079999999999283e-03
8.799701999999999524e-03
8.745522999999999839e-03
8.693163000000000279e-03
8.640501000000000084e-03
8.588649000000000283e-03
8.536801000000000111e-03
8.485754999999999340e-03
8.435934000000000835e-03
8.387019000000000765e-03
8.337600000000000566e-03
8.287871999999999947e-03
8.240269999999999193e-03
8.194602999999999957e-03
8.147204999999999378e-03
8.103149000000000463e-03
8.059807999999999903e-03
8.015549999999999758e-03
7.976864999999999650e-03
7.935842999999999717e-03
7.897871000000000752e-03
7.858367999999999257e-03
7.825660999999999382e-03
7.791229999999999684e-03
7.760038000000000352e-03
7.733704999999999573e-03
7.705550000000000246e-03
7.682561000000000077e-03
7.659977000000000105e-03
7.640634999999999788e-03
7.622506000000000247e-03
7.607718999999999766e-03
7.596577999999999664e-03
7.588080999999999993e-03
7.578961000000000378e-03
7.569034999999999999e-03
7.563162000000000010e-03
7.558503999999999744e-03
7.553540000000000081e-03
2.681477000000000144e-04
2.667295999999999881e-04
2.685524999999999805e-04
7.543310999999999593e-03
7.543005999999999669e-03
2.668308000000000203e-04
2.674385999999999842e-04
2.661218000000000242e-04
2.665270000000000182e-04
2.673371999999999923e-04
2.652102000000000040e-04
2.661216000000000102e-04
2.646026999999999798e-04
2.656153999999999980e-04
2.651090000000000261e-04
2.675398000000000164e-04
2.677423999999999863e-04
2.666281999999999962e-04
2.665270999999999981e-04
2.673373000000000264e-04
2.654132999999999818e-04
2.659192999999999800e-04
2.662232999999999961e-04
2.658180000000000221e-04
2.668308000000000203e-04
2.685526999999999945e-04
2.656153999999999980e-04
2.656158000000000260e-04
2.673373000000000264e-04
2.669320999999999782e-04
2.666284999999999901e-04
2.669325999999999860e-04
2.673376000000000203e-04
2.688565999999999764e-04
2.653121999999999837e-04
2.640966000000000017e-04
2.645022000000000237e-04
2.669328000000000000e-04
2.666287999999999840e-04
2.664262999999999939e-04
2.663248000000000221e-04
2.671352000000000101e-04
2.671352000000000101e-04
2.662235999999999899e-04
2.676417999999999961e-04
2.665273000000000121e-04
2.655150000000000218e-04
2.651097999999999736e-04
2.644007999999999775e-04
2.633881999999999933e-04
2.644006000000000177e-04
2.659199000000000220e-04
2.663249000000000020e-04
2.679453999999999842e-04
2.682494000000000003e-04
2.681480999999999882e-04
2.679456999999999781e-04
2.655146999999999737e-04
2.640968999999999955e-04
2.648058999999999916e-04
2.638941999999999915e-04
2.640966999999999816e-04
2.641982000000000076e-04
2.639957999999999975e-04
2.620713999999999791e-04
2.619699999999999872e-04
2.630840999999999974e-04
2.644006000000000177e-04
2.635903999999999895e-04
2.627802000000000154e-04
2.630841999999999773e-04
2.658184999999999758e-04
2.657172000000000180e-04
2.665273999999999920e-04
2.636916000000000216e-04
2.648053999999999838e-04
2.659200000000000019e-04
2.677426999999999802e-04
2.660210000000000200e-04
2.668309000000000002e-04
2.640966999999999816e-04
2.651094999999999797e-04
2.646029999999999736e-04
2.630840000000000175e-04
2.651093999999999998e-04
2.652104999999999979e-04
2.645017000000000158e-04
2.645015999999999817e-04
2.634889000000000176e-04
2.651096000000000138e-04
2.636914999999999875e-04
2.641979000000000137e-04
2.657170999999999839e-04
2.645017000000000158e-04
2.637927999999999996e-04
2.650078999999999738e-04
2.653118999999999898e-04
2.652107999999999918e-04
2.644003000000000238e-04
2.634889000000000176e-04
2.638938000000000178e-04
2.648056999999999776e-04
2.639952999999999896e-04
2.636912999999999735e-04
2.661222999999999779e-04
2.661219999999999840e-04
2.650080000000000079e-04
2.655142000000000201e-04
2.650080999999999878e-04
2.650078999999999738e-04
2.632865000000000075e-04
2.646029999999999736e-04
2.644004000000000037e-04
2.638941000000000116e-04
2.654131000000000220e-04
2.635903999999999895e-04
2.628813999999999934e-04
2.632862999999999935e-04
2.642992000000000258e-04
2.649067999999999757e-04
2.650082000000000219e-04
2.645017999999999957e-04
2.649067999999999757e-04
2.645017999999999957e-04
2.632862000000000136e-04
2.657167000000000101e-04
2.645015000000000018e-04
2.645017000000000158e-04
2.651091999999999858e-04
2.647041000000000259e-04
2.635901999999999755e-04
2.624759999999999854e-04
2.623748000000000074e-04
2.630837000000000236e-04
2.642990000000000118e-04
2.632862000000000136e-04
2.634887000000000036e-04
2.654127999999999739e-04
2.642988999999999777e-04
2.655146999999999737e-04
2.637927999999999996e-04
2.642990999999999917e-04
2.628810999999999995e-04
2.622734000000000155e-04
2.623748000000000074e-04
2.657167999999999900e-04
2.654129999999999879e-04
2.637925000000000057e-04
2.652102999999999839e-04
2.620710000000000053e-04
2.629824000000000116e-04
2.637925999999999856e-04
2.637925000000000057e-04
2.636917000000000015e-04
2.625773999999999773e-04
2.638939999999999775e-04
2.629826000000000255e-04
2.639950999999999756e-04
2.650080000000000079e-04
2.641977999999999796e-04
2.641977999999999796e-04
2.639954000000000237e-04
2.642990999999999917e-04
2.629824000000000116e-04
2.632862999999999935e-04
2.617672000000000033e-04
2.657170999999999839e-04
2.634889000000000176e-04
2.640966999999999816e-04
2.624764000000000133e-04
2.628813999999999934e-04
2.632865000000000075e-04
2.628813999999999934e-04
2.631852999999999753e-04
2.649067999999999757e-04
2.636916000000000216e-04
2.651094999999999797e-04
2.640966000000000017e-04
2.636914000000000076e-04
2.624761000000000195e-04
2.637927000000000197e-04
2.636914999999999875e-04
2.633875000000000257e-04
2.648055000000000179e-04
2.642990999999999917e-04
2.647041000000000259e-04
2.641979000000000137e-04
2.642995000000000197e-04
2.629827000000000054e-04
2.629824000000000116e-04
2.644004999999999836e-04
2.645017000000000158e-04
2.663246000000000081e-04
2.661219000000000041e-04
2.652104999999999979e-04
2.664259000000000202e-04
2.644001000000000099e-04
2.644003000000000238e-04
2.633875000000000257e-04
2.630833999999999755e-04
2.627797999999999874e-04
2.647039999999999918e-04
2.659194000000000141e-04
2.649066999999999958e-04
2.634889999999999975e-04
2.645015000000000018e-04
2.651091999999999858e-04
2.658181999999999819e-04
2.647042000000000058e-04
2.653118999999999898e-04
2.650082000000000219e-04
2.659194000000000141e-04
2.641977999999999796e-04
2.653118999999999898e-04
2.646031000000000077e-04
2.635900000000000157e-04
2.655145999999999938e-04
2.646031000000000077e-04
2.642995000000000197e-04
2.649067999999999757e-04
2.653118000000000100e-04
2.652107999999999918e-04
2.656156000000000120e-04
2.660211999999999798e-04
2.648058000000000117e-04
2.649067999999999757e-04
2.626786000000000095e-04
2.624761000000000195e-04
2.635900999999999956e-04
2.638938999999999977e-04
2.628814999999999733e-04
2.646029999999999736e-04
2.646026999999999798e-04
2.646031000000000077e-04
2.662233999999999759e-04
2.638938000000000178e-04
2.657170000000000040e-04
2.667297000000000222e-04
2.654131000000000220e-04
2.659194999999999940e-04
2.653120000000000239e-04
2.651093000000000199e-04
2.674387000000000183e-04
2.639954000000000237e-04
2.651093000000000199e-04
2.640966999999999816e-04
2.648055000000000179e-04
2.646029999999999736e-04
2.624761000000000195e-04
2.648053999999999838e-04
2.631849999999999815e-04
2.636914999999999875e-04
2.647041000000000259e-04
2.645015999999999817e-04
2.663246999999999880e-04
2.664259000000000202e-04
2.646029999999999736e-04
2.644001000000000099e-04
2.652105999999999778e-04
2.649067999999999757e-04
2.667298000000000021e-04
2.659194999999999940e-04
2.661221999999999980e-04
2.677426999999999802e-04
2.654131000000000220e-04
2.646028999999999937e-04
2.638939999999999775e-04
2.644004000000000037e-04
2.644003000000000238e-04
2.634889000000000176e-04
2.648055000000000179e-04
2.650080999999999878e-04
2.647041000000000259e-04
2.668309999999999801e-04
2.663246000000000081e-04
2.657169000000000241e-04
2.641979000000000137e-04
2.628813000000000135e-04
2.624761000000000195e-04
2.639952000000000097e-04
2.632862999999999935e-04
2.637928999999999795e-04
2.639950999999999756e-04
2.642987999999999978e-04
2.657167000000000101e-04
2.652102999999999839e-04
2.647039999999999918e-04
2.658181000000000020e-04
2.650077000000000140e-04
2.640963000000000078e-04
2.634887000000000036e-04
2.653115000000000161e-04
2.633875000000000257e-04
2.646025000000000200e-04
2.645012000000000079e-04
2.663241999999999801e-04
2.664254000000000123e-04
2.656151000000000042e-04
2.667292999999999943e-04
2.662227999999999882e-04
2.672355000000000065e-04
2.641973000000000260e-04
2.634882999999999757e-04
2.624753000000000177e-04
2.652101000000000241e-04
2.654127999999999739e-04
2.643998000000000160e-04
2.645012000000000079e-04
2.663241999999999801e-04
2.645012999999999878e-04
2.656153000000000181e-04
2.646025000000000200e-04
2.642985999999999838e-04
2.637922999999999917e-04
2.656150000000000243e-04
2.655140000000000061e-04
2.634881999999999958e-04
2.655137999999999921e-04
2.665267000000000244e-04
2.666279000000000023e-04
2.659191000000000202e-04
2.658178000000000082e-04
2.665265999999999903e-04
2.648048999999999759e-04
2.638933999999999898e-04
2.657164000000000162e-04
2.653112000000000222e-04
2.664251999999999983e-04
2.655137999999999921e-04
2.648050000000000100e-04
2.645009000000000140e-04
2.659189000000000062e-04
2.658176999999999741e-04
2.666279999999999822e-04
2.667290999999999803e-04
2.647034999999999839e-04
2.655139000000000262e-04
2.651085999999999981e-04
2.650074000000000201e-04
2.652097999999999760e-04
2.660202000000000183e-04
