1.171852035522460938e+02
1.171852035522460938e+02
1.171852035522460938e+02
1.171852035522460938e+02
1.171852035522460938e+02
1.171852035522460938e+02
1.171852035522460938e+02
1.171852035522460938e+02
1.088218994140625000e+02
1.088218994140625000e+02
1.088218994140625000e+02
1.088218994140625000e+02
1.088218994140625000e+02
1.088218994140625000e+02
1.088218994140625000e+02
1.088218994140625000e+02
1.031654968261718750e+02
1.031654968261718750e+02
1.031654968261718750e+02
1.031654968261718750e+02
1.031654968261718750e+02
9.992250061035156250e+01
9.992250061035156250e+01
9.992250061035156250e+01
9.992250061035156250e+01
9.992250061035156250e+01
9.992250061035156250e+01
9.992250061035156250e+01
9.992250061035156250e+01
9.501719665527343750e+01
9.501719665527343750e+01
9.501719665527343750e+01
9.501719665527343750e+01
9.501719665527343750e+01
9.501719665527343750e+01
9.501719665527343750e+01
9.501719665527343750e+01
8.930529785156250000e+01
8.930529785156250000e+01
8.806980133056640625e+01
8.806980133056640625e+01
8.806980133056640625e+01
8.806980133056640625e+01
8.539569854736328125e+01
8.498010253906250000e+01
8.448509979248046875e+01
8.448509979248046875e+01
8.448509979248046875e+01
8.448509979248046875e+01
8.168139648437500000e+01
8.168139648437500000e+01
8.168139648437500000e+01
8.168139648437500000e+01
8.168139648437500000e+01
8.168139648437500000e+01
7.784339904785156250e+01
7.703070068359375000e+01
7.703070068359375000e+01
7.703070068359375000e+01
7.495120239257812500e+01
7.495120239257812500e+01
7.495120239257812500e+01
7.495120239257812500e+01
7.231520080566406250e+01
7.219000244140625000e+01
7.219000244140625000e+01
7.219000244140625000e+01
7.219000244140625000e+01
6.897319793701171875e+01
6.897319793701171875e+01
6.897319793701171875e+01
6.745120239257812500e+01
6.745120239257812500e+01
6.593280029296875000e+01
6.593280029296875000e+01
6.593280029296875000e+01
6.593280029296875000e+01
6.593280029296875000e+01
6.593280029296875000e+01
6.593280029296875000e+01
6.593280029296875000e+01
6.593280029296875000e+01
6.593280029296875000e+01
5.899509811401367188e+01
5.867839813232421875e+01
5.867839813232421875e+01
5.867839813232421875e+01
5.867839813232421875e+01
5.867839813232421875e+01
5.867839813232421875e+01
5.867839813232421875e+01
5.867839813232421875e+01
5.867839813232421875e+01
5.867839813232421875e+01
5.867839813232421875e+01
5.867839813232421875e+01
5.867839813232421875e+01
4.909460067749023438e+01
4.850529861450195312e+01
4.850529861450195312e+01
4.850529861450195312e+01
4.563339996337890625e+01
4.483129882812500000e+01
4.483129882812500000e+01
4.316410064697265625e+01
4.245880126953125000e+01
4.245880126953125000e+01
4.088489913940429688e+01
4.088489913940429688e+01
4.088489913940429688e+01
4.088489913940429688e+01
4.088489913940429688e+01
3.605270004272460938e+01
3.605270004272460938e+01
3.605270004272460938e+01
3.605270004272460938e+01
3.605270004272460938e+01
3.605270004272460938e+01
3.605270004272460938e+01
3.605270004272460938e+01
3.605270004272460938e+01
3.605270004272460938e+01
3.605270004272460938e+01
3.605270004272460938e+01
3.605270004272460938e+01
3.605270004272460938e+01
3.605270004272460938e+01
3.605270004272460938e+01
1.959779930114746094e+01
1.959779930114746094e+01
1.959779930114746094e+01
1.959779930114746094e+01
1.959779930114746094e+01
1.959779930114746094e+01
1.959779930114746094e+01
1.201659965515136719e+01
1.201659965515136719e+01
1.201659965515136719e+01
8.998900413513183594e+00
8.522399902343750000e+00
8.522399902343750000e+00
8.522399902343750000e+00
8.522399902343750000e+00
8.522399902343750000e+00
8.522399902343750000e+00
8.522399902343750000e+00
8.522399902343750000e+00
8.522399902343750000e+00
8.522399902343750000e+00
7.413499832153320312e+00
7.025499820709228516e+00
7.025499820709228516e+00
7.025499820709228516e+00
7.025499820709228516e+00
7.025499820709228516e+00
7.025499820709228516e+00
7.025499820709228516e+00
7.025499820709228516e+00
7.025499820709228516e+00
7.025499820709228516e+00
7.025499820709228516e+00
7.025499820709228516e+00
7.025499820709228516e+00
7.025499820709228516e+00
7.025499820709228516e+00
7.025499820709228516e+00
7.025499820709228516e+00
7.025499820709228516e+00
7.025499820709228516e+00
7.025499820709228516e+00
7.025499820709228516e+00
7.025499820709228516e+00
3.917599916458129883e+00
3.917599916458129883e+00
3.917599916458129883e+00
3.917599916458129883e+00
3.917599916458129883e+00
3.917599916458129883e+00
3.917599916458129883e+00
3.545000076293945312e+00
3.545000076293945312e+00
3.545000076293945312e+00
3.545000076293945312e+00
3.545000076293945312e+00
3.340100049972534180e+00
3.340100049972534180e+00
3.340100049972534180e+00
3.340100049972534180e+00
3.340100049972534180e+00
3.340100049972534180e+00
3.340100049972534180e+00
3.340100049972534180e+00
3.340100049972534180e+00
3.340100049972534180e+00
3.340100049972534180e+00
3.340100049972534180e+00
3.340100049972534180e+00
2.916800022125244141e+00
2.916800022125244141e+00
2.916800022125244141e+00
2.866699934005737305e+00
2.866699934005737305e+00
2.866699934005737305e+00
2.866699934005737305e+00
2.866699934005737305e+00
2.866699934005737305e+00
2.866699934005737305e+00
2.866699934005737305e+00
2.776000022888183594e+00
2.776000022888183594e+00
2.776000022888183594e+00
2.776000022888183594e+00
2.776000022888183594e+00
2.776000022888183594e+00
2.684799909591674805e+00
2.684799909591674805e+00
2.684799909591674805e+00
2.684799909591674805e+00
2.619100093841552734e+00
2.619100093841552734e+00
2.619100093841552734e+00
2.619100093841552734e+00
2.611200094223022461e+00
2.611200094223022461e+00
2.611200094223022461e+00
2.611200094223022461e+00
2.611200094223022461e+00
2.565700054168701172e+00
2.565700054168701172e+00
2.565700054168701172e+00
2.565700054168701172e+00
2.565700054168701172e+00
2.565700054168701172e+00
2.565700054168701172e+00
2.565700054168701172e+00
2.565700054168701172e+00
2.565700054168701172e+00
2.565700054168701172e+00
2.565700054168701172e+00
2.565700054168701172e+00
2.565700054168701172e+00
2.565700054168701172e+00
2.565700054168701172e+00
2.565700054168701172e+00
2.565700054168701172e+00
2.565700054168701172e+00
2.565700054168701172e+00
2.565700054168701172e+00
2.565700054168701172e+00
2.565700054168701172e+00
2.565700054168701172e+00
2.565700054168701172e+00
2.565700054168701172e+00
2.565700054168701172e+00
2.565700054168701172e+00
2.565700054168701172e+00
2.565700054168701172e+00
2.407000064849853516e+00
2.407000064849853516e+00
2.407000064849853516e+00
2.407000064849853516e+00
2.407000064849853516e+00
2.407000064849853516e+00
2.407000064849853516e+00
2.378499984741210938e+00
2.378499984741210938e+00
2.378499984741210938e+00
2.378499984741210938e+00
2.378499984741210938e+00
2.378499984741210938e+00
2.378499984741210938e+00
2.378499984741210938e+00
2.378499984741210938e+00
2.378499984741210938e+00
2.339200019836425781e+00
2.333800077438354492e+00
2.333800077438354492e+00
2.333800077438354492e+00
2.333800077438354492e+00
2.321099996566772461e+00
2.321099996566772461e+00
2.313600063323974609e+00
2.311100006103515625e+00
2.311100006103515625e+00
2.311100006103515625e+00
2.304800033569335938e+00
2.304800033569335938e+00
2.297100067138671875e+00
2.297100067138671875e+00
2.290600061416625977e+00
2.290100097656250000e+00
2.290100097656250000e+00
2.290100097656250000e+00
2.290100097656250000e+00
2.290100097656250000e+00
2.290100097656250000e+00
2.290100097656250000e+00
2.290100097656250000e+00
2.290100097656250000e+00
2.269700050354003906e+00
2.269700050354003906e+00
2.269700050354003906e+00
2.269700050354003906e+00
2.269700050354003906e+00
2.269700050354003906e+00
2.269700050354003906e+00
2.269700050354003906e+00
2.215899944305419922e+00
2.215899944305419922e+00
2.215899944305419922e+00
2.215899944305419922e+00
2.215899944305419922e+00
2.207700014114379883e+00
2.207700014114379883e+00
2.207700014114379883e+00
2.201999902725219727e+00
2.201999902725219727e+00
2.201999902725219727e+00
2.201999902725219727e+00
2.201999902725219727e+00
2.201999902725219727e+00
2.201999902725219727e+00
2.201999902725219727e+00
2.201999902725219727e+00
2.201999902725219727e+00
2.201999902725219727e+00
2.201999902725219727e+00
2.201999902725219727e+00
2.201999902725219727e+00
2.201999902725219727e+00
2.201999902725219727e+00
2.201999902725219727e+00
2.201999902725219727e+00
2.201999902725219727e+00
2.183900117874145508e+00
2.183900117874145508e+00
2.181999921798706055e+00
2.181999921798706055e+00
2.181999921798706055e+00
2.181999921798706055e+00
2.181999921798706055e+00
2.181999921798706055e+00
2.181999921798706055e+00
2.181999921798706055e+00
2.174400091171264648e+00
2.174400091171264648e+00
2.174400091171264648e+00
2.174400091171264648e+00
2.174400091171264648e+00
2.169899940490722656e+00
2.169500112533569336e+00
2.169500112533569336e+00
2.169500112533569336e+00
2.169500112533569336e+00
2.169500112533569336e+00
2.164999961853027344e+00
2.164999961853027344e+00
2.164999961853027344e+00
2.164999961853027344e+00
2.164999961853027344e+00
2.164999961853027344e+00
2.164999961853027344e+00
2.164999961853027344e+00
2.164999961853027344e+00
2.159800052642822266e+00
2.159800052642822266e+00
2.159800052642822266e+00
2.159800052642822266e+00
2.157900094985961914e+00
2.157900094985961914e+00
2.157900094985961914e+00
2.157900094985961914e+00
2.157900094985961914e+00
2.157900094985961914e+00
2.157900094985961914e+00
2.157900094985961914e+00
2.153100013732910156e+00
2.153100013732910156e+00
2.152400016784667969e+00
2.152400016784667969e+00
2.152400016784667969e+00
2.152400016784667969e+00
2.152400016784667969e+00
2.150899887084960938e+00
2.150899887084960938e+00
2.150899887084960938e+00
2.150899887084960938e+00
2.150899887084960938e+00
2.150899887084960938e+00
2.150899887084960938e+00
2.150899887084960938e+00
2.150899887084960938e+00
2.147300004959106445e+00
2.147300004959106445e+00
2.147300004959106445e+00
2.147300004959106445e+00
2.146300077438354492e+00
2.145900011062622070e+00
2.145900011062622070e+00
2.145900011062622070e+00
2.145900011062622070e+00
2.144700050354003906e+00
2.144700050354003906e+00
2.144700050354003906e+00
2.144700050354003906e+00
2.144700050354003906e+00
2.143800020217895508e+00
2.143800020217895508e+00
2.143800020217895508e+00
2.142800092697143555e+00
2.142800092697143555e+00
2.142800092697143555e+00
2.142800092697143555e+00
2.142800092697143555e+00
2.142800092697143555e+00
2.142800092697143555e+00
2.142800092697143555e+00
2.142800092697143555e+00
2.142800092697143555e+00
2.140799999237060547e+00
2.140000104904174805e+00
2.140000104904174805e+00
2.140000104904174805e+00
2.140000104904174805e+00
2.140000104904174805e+00
2.139400005340576172e+00
2.139400005340576172e+00
2.139400005340576172e+00
2.139400005340576172e+00
2.139400005340576172e+00
2.139400005340576172e+00
2.139400005340576172e+00
2.139400005340576172e+00
2.139400005340576172e+00
2.138400077819824219e+00
2.138400077819824219e+00
2.138099908828735352e+00
2.138099908828735352e+00
2.137900114059448242e+00
2.137900114059448242e+00
2.137900114059448242e+00
2.136300086975097656e+00
2.136300086975097656e+00
2.136300086975097656e+00
2.136300086975097656e+00
2.129699945449829102e+00
2.129699945449829102e+00
2.129699945449829102e+00
2.129699945449829102e+00
2.129699945449829102e+00
2.129699945449829102e+00
2.129699945449829102e+00
2.129699945449829102e+00
2.129699945449829102e+00
2.128099918365478516e+00
2.128400087356567383e+00
2.128400087356567383e+00
2.128799915313720703e+00
2.128799915313720703e+00
2.128900051116943359e+00
2.128900051116943359e+00
2.128900051116943359e+00
2.128900051116943359e+00
2.128900051116943359e+00
2.128900051116943359e+00
2.128900051116943359e+00
2.128900051116943359e+00
2.128900051116943359e+00
2.126600027084350586e+00
2.126600027084350586e+00
2.126199960708618164e+00
2.126199960708618164e+00
2.126800060272216797e+00
2.126800060272216797e+00
2.126800060272216797e+00
2.126800060272216797e+00
2.126800060272216797e+00
2.126100063323974609e+00
2.125900030136108398e+00
2.125900030136108398e+00
